0.72724543
0.72563154
0.72499208
0.72493227
0.72469949
0.72419049
0.72419049
0.72419049
0.72419049
0.72419049
0.72419049
0.72419049
0.72331554
0.72331554
0.72323234
0.72263970
0.72239698
0.72233409
0.72177904
0.72137499
0.72129831
0.72126409
0.72126409
0.72114372
0.72113479
0.72078391
0.72027364
0.71898400
0.71872998
0.71839449
0.71827096
0.71753242
0.71746586
0.71721398
0.71721398
0.71553710
0.71505312
0.71436916
0.71436916
0.71436916
0.71156437
0.71034098
0.69123470
0.69064996
0.69058719
0.69019059
0.69007787
0.69001615
0.68982779
0.68962150
0.68948950
0.68942740
0.68941032
0.68893570
0.68863046
0.68848953
0.68846401
0.68842378
0.68832787
0.68830777
0.68825478
0.68800909
0.68800146
0.68800123
0.68776613
0.68754021
0.68728155
0.68715198
0.68712231
0.68710805
0.68696044
0.68687544
0.68680238
0.68668995
0.68667861
0.68660086
0.68622045
0.68618914
0.68598973
0.68589753
0.68581991
0.68551561
0.68545162
0.68521417
0.68488344
0.68480408
0.68478157
0.68473414
0.68461187
0.68451045
0.68450787
0.68428061
0.68426493
0.68406382
0.68373131
0.68363567
0.68355503
0.68349927
0.68348724
0.68304471
