-0.33866136 -0.17310381 0.63488087 0.05378608 0.06103125 0.00329357 0.99668019
-0.34143730 -0.17147311 0.63787925 0.05060062 0.06440690 0.00327003 0.99663465
-0.33881023 -0.17225935 0.63485335 0.07329883 0.05266658 0.00387625 0.99591088
-0.33716514 -0.17000108 0.63686468 0.05046172 0.07051558 0.00357181 0.99622709
-0.33878496 -0.17161667 0.63686184 0.07371071 0.04736774 0.00350501 0.99614795
-0.33216867 -0.16682503 0.63484356 -0.03057839 0.08806402 -0.00270464 0.99564169
-0.33096647 -0.16682503 0.63484356 -0.03057839 0.08806402 -0.00270464 0.99564169
-0.32976425 -0.16682503 0.63484356 -0.03057839 0.08806402 -0.00270464 0.99564169
-0.32856205 -0.16682503 0.63484356 -0.03057839 0.08806402 -0.00270464 0.99564169
-0.32735985 -0.16682503 0.63484356 -0.03057839 0.08806402 -0.00270464 0.99564169
-0.32856205 -0.16563160 0.63484356 -0.03057839 0.08806402 -0.00270464 0.99564169
-0.32735985 -0.16563160 0.63484356 -0.03057839 0.08806402 -0.00270464 0.99564169
-0.34193637 -0.17310990 0.63483288 0.05434395 0.07956529 0.00434415 0.99533775
-0.34073414 -0.17310990 0.63483288 0.05434395 0.07956529 0.00434415 0.99533775
-0.34247575 -0.17152630 0.63784989 0.05369415 0.07386889 0.00398300 0.99581347
-0.33778638 -0.17254013 0.63482462 0.08899198 0.04269465 0.00381815 0.99510955
-0.33563327 -0.17095152 0.63683368 0.03676958 0.08882100 0.00328112 0.99536328
-0.34062131 -0.17246264 0.63683291 0.05434395 0.07956529 0.00434415 0.99533775
-0.33555293 -0.16964667 0.63682612 0.03074811 0.09335697 0.00288453 0.99515361
-0.33969791 -0.17166594 0.63682118 0.07669334 0.06366784 0.00490740 0.99500777
-0.33848924 -0.17047252 0.63682024 0.07691133 0.06381382 0.00493276 0.99498146
-0.34179782 -0.17193009 0.63480783 0.05522202 0.08732803 0.00484844 0.99463603
-0.34059560 -0.17193009 0.63480783 0.05522202 0.08732803 0.00484844 0.99463603
-0.33965206 -0.17044755 0.63681835 0.07553942 0.06622970 0.00502846 0.99492821
-0.33746363 -0.17181438 0.63681825 0.08492159 0.05373050 0.00458614 0.99492730
-0.32958373 -0.16552204 0.63480196 -0.03685430 0.09819970 -0.00363918 0.99447742
-0.33310859 -0.16687703 0.63479573 -0.02777146 0.10284139 -0.00287241 0.99430586
-0.33411517 -0.17056380 0.63679195 0.01502595 0.10646124 0.00160901 0.99420201
-0.33655200 -0.16837141 0.63678884 0.02644537 0.10503801 0.00279422 0.99411259
-0.33782380 -0.16863425 0.63678474 0.04127180 0.10127634 0.00420512 0.99399299
-0.33922579 -0.16901412 0.63678323 0.06259274 0.09014614 0.00567688 0.99394346
-0.33186808 -0.16534643 0.63476226 -0.04688004 0.10492653 -0.00495183 0.99336205
-0.33066950 -0.16532983 0.63476144 -0.04781831 0.10471810 -0.00504102 0.99333887
-0.32942387 -0.16420473 0.63475837 -0.04398057 0.10718706 -0.00474616 0.99325431
-0.32822167 -0.16420473 0.63475837 -0.04398057 0.10718706 -0.00474616 0.99325431
-0.33512034 -0.16783822 0.63674980 -0.00370316 0.11784612 -0.00043947 0.99302487
-0.33518539 -0.16609176 0.63674388 -0.03484316 0.11408840 -0.00400382 0.99285133
-0.33179036 -0.16395029 0.63472363 -0.05846568 0.10924797 -0.00643700 0.99227275
-0.33058816 -0.16395029 0.63472363 -0.05846568 0.10924797 -0.00643700 0.99227275
-0.33058816 -0.16275686 0.63472363 -0.05846568 0.10924797 -0.00643700 0.99227275
-0.33284370 -0.16514801 0.63468938 -0.05839614 0.11766941 -0.00693167 0.99131012
-0.33610038 -0.16703606 0.63668626 0.01881275 0.13068080 0.00248018 0.99124289
-0.39304848 -0.15143977 0.72398353 -0.01079709 0.02823133 -0.00030496 0.99954306
-0.41442725 -0.15610305 0.72699544 -0.01519848 0.00472148 -0.00007177 0.99987335
-0.41294691 -0.15612763 0.72699462 -0.01383439 0.01035925 -0.00014334 0.99985063
-0.39078477 -0.15100473 0.72396996 0.04081012 0.00141088 0.00005763 0.99916592
-0.41072226 -0.15531737 0.72698798 0.01721314 -0.01926013 -0.00033164 0.99966627
-0.41183851 -0.15590390 0.72698718 -0.02627030 -0.00466654 0.00012264 0.99964398
-0.41576833 -0.15586718 0.72698473 -0.02831357 0.00682207 -0.00019324 0.99957579
-0.40739514 -0.15448499 0.72698204 -0.02906104 0.01236621 -0.00035955 0.99950108
-0.43839693 -0.16660219 0.72999988 -0.00275622 0.00009915 -0.00000027 0.99999620
-0.40742991 -0.15421596 0.72697951 0.03207878 0.01043398 0.00033490 0.99943082
-0.43706196 -0.16651480 0.72999885 -0.00761161 -0.00266213 0.00002026 0.99996749
-0.39201089 -0.15073837 0.72395365 -0.04981915 0.00956896 -0.00047733 0.99871230
-0.39072005 -0.15068806 0.72394968 -0.05262029 0.00500076 -0.00026351 0.99860204
-0.43822450 -0.16568609 0.73199985 -0.00275622 0.00009915 -0.00000027 0.99999620
-0.40917877 -0.15438746 0.72696696 0.04162775 -0.01010670 -0.00042111 0.99908198
-0.43531918 -0.16301065 0.73199899 0.00175919 0.00722933 0.00001272 0.99997232
-0.43942205 -0.16579364 0.73199774 0.00321926 0.01070728 0.00003447 0.99993749
-0.43692756 -0.16455014 0.73199748 0.01071145 -0.00498673 -0.00005342 0.99993019
-0.43683847 -0.16184082 0.73199678 0.01334478 -0.00003747 -0.00000050 0.99991095
-0.43792699 -0.16451827 0.73199357 0.00894421 0.01662874 0.00014876 0.99982172
-0.43928696 -0.16445635 0.73199347 0.00550282 0.01821464 0.00010025 0.99981895
-0.43717925 -0.16570886 0.73199347 -0.00149236 -0.01897336 0.00002832 0.99981888
-0.40982786 -0.15475169 0.72695787 -0.01427266 -0.04621997 0.00066046 0.99882910
-0.39041844 -0.15071005 0.72393551 0.02452244 -0.05458695 -0.00134101 0.99820695
-0.39399773 -0.15222364 0.72393215 0.03291553 0.05181128 0.00170862 0.99811284
-0.43708859 -0.16348295 0.73198237 0.02801661 -0.01392929 -0.00039044 0.99951033
-0.39010247 -0.15073367 0.72393008 -0.05017748 -0.03694638 0.00185749 0.99805498
-0.43784623 -0.16340648 0.73198179 0.02377189 0.02111299 0.00050215 0.99949432
-0.40768985 -0.15540752 0.72694738 -0.05391673 -0.00399654 0.00021580 0.99853741
-0.43637607 -0.16063290 0.73197875 0.02284103 0.02565299 0.00058629 0.99940976
-0.43773306 -0.16199519 0.73197780 0.02194996 0.02740512 0.00060191 0.99938321
-0.39437105 -0.15197645 0.72392446 -0.05687099 0.03099481 -0.00176642 0.99789874
-0.41171585 -0.15601197 0.72694371 0.05587771 0.00214323 0.00011995 0.99843531
-0.43777212 -0.16071215 0.73197516 0.02725157 0.02522974 0.00068802 0.99930993
-0.43618079 -0.16571571 0.73197019 -0.00111347 -0.04067200 0.00004532 0.99917193
-0.43900773 -0.16339650 0.73196978 0.02324091 0.03373494 0.00078469 0.99916025
-0.41108859 -0.15556295 0.72693474 -0.04535559 -0.03960112 0.00179940 0.99818404
-0.43622687 -0.16427620 0.73196597 -0.00452080 -0.04323796 0.00019566 0.99905455
-0.42577872 -0.15790950 0.72894551 -0.01536224 0.05284927 -0.00081312 0.99848400
-0.40518882 -0.15458588 0.72692856 -0.02356446 0.05842227 -0.00137943 0.99801285
-0.40893742 -0.15340679 0.72692773 0.06327675 0.00328666 0.00020839 0.99799058
-0.40527675 -0.15429085 0.72692464 0.03639861 0.05349494 0.00195123 0.99790261
-0.42569010 -0.15715562 0.72893329 0.01917982 0.05779078 0.00111048 0.99814384
-0.39161380 -0.15148153 0.72389995 0.06752078 0.03158437 0.00213856 0.99721552
-0.43452429 -0.16147058 0.73195138 -0.00725416 0.05145646 -0.00037378 0.99864882
-0.43883816 -0.16213030 0.73195076 0.02952114 0.04316638 0.00127607 0.99863083
-0.40736312 -0.15346420 0.72691679 0.06650586 0.01411935 0.00094120 0.99768569
-0.43412589 -0.16339207 0.73194784 -0.05370507 -0.00361196 0.00019426 0.99855029
-0.42699537 -0.15798857 0.72892839 -0.01096742 0.06212493 -0.00068271 0.99800789
-0.42594798 -0.15870446 0.72892543 -0.04757640 0.04337001 -0.00206768 0.99792347
-0.40362854 -0.15477374 0.72691227 -0.01309419 0.06857090 -0.00090008 0.99755990
-0.40686849 -0.15375994 0.72892260 0.05937893 0.02785154 0.00165737 0.99784552
-0.41617085 -0.15567884 0.72690532 -0.03901285 0.06113544 -0.00239137 0.99736389
-0.43882105 -0.16093678 0.73193640 0.03984251 0.04410366 0.00176032 0.99823061
-0.41020313 -0.15494517 0.72690303 0.07277210 0.00955625 0.00069731 0.99730257
-0.41305015 -0.15632761 0.72690230 0.07352672 0.00461181 0.00034002 0.99728253
-0.41002250 -0.15554024 0.72690214 -0.04674337 -0.05701936 0.00267256 0.99727464
-0.40364028 -0.15424437 0.72689638 0.03389018 0.06788091 0.00230715 0.99711500
