-0.33754514 -0.16878838 0.64282678 0.02972856 0.06993397 0.00208507 0.99710637
-0.33024365 -0.16389098 0.64078414 -0.07652367 0.03659458 -0.00281049 0.99639202
-0.32904145 -0.16389098 0.64078414 -0.07652367 0.03659458 -0.00281049 0.99639202
-0.32783926 -0.16389098 0.64078414 -0.07652367 0.03659458 -0.00281049 0.99639202
-0.34014723 -0.17039692 0.64277486 0.08347366 0.02318354 0.00194252 0.99623837
-0.33000624 -0.16451361 0.64066486 -0.09589976 0.04442948 -0.00428482 0.99438971
-0.32880405 -0.16451361 0.64066486 -0.09589976 0.04442948 -0.00428482 0.99438971
-0.32760185 -0.16451361 0.64066486 -0.09589976 0.04442948 -0.00428482 0.99438971
-0.33104743 -0.16457330 0.64066079 -0.09394976 0.04979992 -0.00470542 0.99431950
-0.33889308 -0.17172954 0.64266195 0.00794491 0.10585739 0.00084581 0.99434922
